teamshortform	hasachievedobjective	yettowin	unbeatenallcomps	unbeatenleague	champion	leagueid	prevleagueid	previousyeartableposition	highestpossible	teamform	highestprobable	artificialkey	nummatchesplayed	teamid	gapresult	grouping	currenttableposition	objective	actualvsexpectations	unbeatenhome	lastgameresult	unbeatenaway	teamlongform
33	0	0	0	0	0	1	1	9	0	20011	5	0	7	269	2	5	10	10	4	0	1	0	23
6	0	0	0	0	0	1	1	8	0	1	5	1	7	270	2	5	11	5	2	0	1	0	19
40	0	0	0	0	0	1	1	5	0	2002	3	2	7	271	1	3	7	3	1	0	0	0	38
66	0	0	0	0	0	1	1	10	0	12220	10	3	7	272	1	10	4	10	1	0	2	1	61
86	0	0	1	1	0	1	1	2	0	22212	0	4	7	819	1	0	1	0	1	1	0	1	80
66	0	0	0	0	0	1	1	7	0	1222	10	5	7	820	1	10	3	3	0	1	0	0	66
13	0	1	0	0	0	1	1	12	0	11	5	6	7	1445	2	5	12	5	2	0	1	0	14
33	0	0	0	0	0	1	1	4	0	12010	3	7	7	1446	1	3	9	3	1	0	2	1	38
40	0	0	0	0	0	1	1	6	0	20200	8	8	7	1447	1	8	6	3	0	0	2	0	47
33	0	0	0	0	0	1	1	3	0	12001	3	9	7	1516	1	3	8	3	1	1	1	0	38
60	0	0	0	0	0	1	1	13	0	20220	8	10	7	1786	1	8	5	5	0	0	2	0	57
73	0	0	0	0	1	1	1	1	0	11222	10	11	7	1788	2	10	2	0	2	1	0	0	66
73	0	0	1	1	1	4	4	1	0	12221	10	12	5	229	2	10	2	0	2	1	1	1	73
86	0	0	0	1	0	4	4	2	0	22122	0	13	5	231	1	0	1	0	1	1	0	1	86
66	0	0	0	0	0	4	4	4	0	1222	10	14	5	232	1	10	3	10	1	0	0	1	66
40	0	0	0	0	0	4	4	12	0	1112	3	15	5	239	1	3	9	3	1	1	0	0	40
20	0	0	0	0	0	4	4	15	0	200	5	16	5	670	1	5	14	5	1	0	2	0	20
60	0	0	0	1	0	4	4	5	0	11212	8	17	5	673	2	8	6	10	2	1	0	1	60
66	0	0	0	0	0	4	4	3	0	20122	10	18	5	674	1	10	4	10	1	1	0	0	66
26	0	0	0	0	0	4	4	11	0	102	5	19	5	675	2	5	13	8	3	0	0	0	26
33	0	0	0	0	0	4	4	10	0	21100	3	20	5	1747	1	3	12	3	1	0	2	0	33
6	0	1	0	0	0	4	4	7	0	10000	5	21	5	1750	2	5	16	3	3	0	2	0	6
46	0	0	0	0	0	4	4	8	0	21020	8	22	5	2007	1	8	7	8	1	1	2	0	46
66	0	0	0	0	0	4	4	13	0	22120	10	23	5	15005	1	10	5	3	0	1	2	0	66
46	0	0	0	0	0	4	4	6	0	12002	3	24	5	100081	1	3	8	8	2	0	0	0	46
40	0	0	0	0	0	4	4	14	0	1121	3	25	5	100087	1	3	10	5	0	1	1	0	40
33	0	0	0	0	0	4	4	9	0	21100	3	26	5	110724	2	3	11	8	2	1	2	0	33
6	0	1	0	0	0	4	4	16	0	1000	5	27	5	110913	2	5	15	5	2	0	2	0	6
40	0	0	0	0	0	7	7	11	0	20200	5	28	19	383	2	5	17	3	3	0	2	0	33
33	0	0	0	0	0	7	7	9	0	1201	8	29	19	517	1	8	7	8	1	0	1	0	40
86	0	0	0	0	0	7	7	3	0	22122	9	30	19	567	2	9	2	0	2	1	0	0	76
33	0	0	0	0	0	7	7	16	0	2101	3	31	19	568	2	3	8	9	3	0	1	0	46
26	0	0	0	0	0	7	7	2	0	20100	9	32	19	569	2	9	4	0	2	0	2	0	50
40	0	0	0	0	0	7	7	6	0	22	8	33	19	598	1	8	5	3	0	0	0	0	50
73	0	0	0	0	0	7	7	15	0	22121	0	34	18	1035	0	0	1	8	0	1	1	0	80
46	0	0	0	0	1	7	7	1	0	12200	3	35	19	1041	3	3	12	0	4	0	2	0	53
66	0	0	0	0	0	7	7	4	0	22021	3	36	18	1043	3	3	9	0	4	0	1	0	46
33	0	0	0	0	0	7	7	5	0	12010	8	37	19	1048	2	8	6	9	2	0	2	0	50
86	0	0	0	0	0	7	7	10	0	21222	3	38	19	1053	1	3	10	3	1	1	0	0	56
33	0	0	0	0	0	7	7	14	0	10201	5	39	19	1598	1	5	16	5	1	0	1	0	33
66	0	0	0	0	0	7	7	12	0	12022	9	40	19	1629	1	9	3	8	0	0	0	0	73
26	0	0	0	0	0	7	7	19	0	10002	3	41	19	111043	1	3	13	5	0	0	0	0	26
26	0	0	0	0	0	7	7	8	0	120	5	42	19	111044	2	5	15	3	2	0	2	0	40
40	0	0	0	0	0	7	7	7	0	2002	5	43	19	111045	2	5	20	3	3	0	0	0	20
53	0	0	0	0	0	7	7	18	0	10221	3	44	19	111050	1	3	11	5	0	0	1	0	46
6	0	0	0	0	0	7	7	20	0	1	5	45	19	111057	2	5	19	5	2	0	1	0	10
40	0	0	0	0	0	7	7	17	0	11210	3	46	19	111292	1	3	14	5	0	0	2	0	46
46	0	0	0	0	0	7	7	13	0	11121	5	47	19	112119	2	5	18	5	2	0	1	0	46
77	0	0	1	1	1	10	10	1	0	122	10	48	3	245	2	10	2	0	2	1	0	1	77
77	0	0	0	1	0	10	10	2	0	212	8	49	3	246	1	8	5	10	2	1	0	1	77
66	0	0	0	0	0	10	10	3	0	22	8	50	3	247	2	8	6	0	3	1	0	0	66
55	0	0	1	1	0	10	10	15	0	112	8	51	3	650	1	8	7	3	0	1	0	1	55
11	0	1	0	0	0	10	10	10	0	100	5	52	3	1902	2	5	18	3	3	1	2	0	11
44	0	0	0	0	0	10	10	11	0	21	3	53	3	1903	1	3	9	3	1	0	1	1	44
11	0	1	0	0	0	10	10	13	0	100	5	54	3	1904	2	5	17	3	3	0	2	0	11
77	0	0	1	1	0	10	10	9	0	212	10	55	3	1905	1	10	4	5	0	1	0	1	77
55	0	0	0	1	0	10	10	4	0	121	8	56	3	1906	2	8	8	10	2	1	1	1	55
22	0	1	0	0	0	10	10	18	0	110	3	57	3	1907	1	3	12	5	0	0	2	1	22
100	0	0	0	1	0	10	10	6	0	222	0	58	3	1908	1	0	1	10	0	1	0	1	100
77	0	0	0	1	0	10	10	7	0	122	10	59	3	1909	1	10	3	10	1	1	0	1	77
33	0	0	0	0	0	10	10	8	0	200	3	60	3	1910	1	3	10	3	1	0	2	1	33
22	0	1	0	0	0	10	10	5	0	11	3	61	3	1913	2	3	13	8	2	0	1	1	22
22	0	1	0	0	0	10	10	17	0	101	3	62	3	1914	1	3	11	5	0	0	1	1	22
11	0	1	0	0	0	10	10	14	0	10	5	63	3	1915	2	5	16	8	4	0	2	0	11
11	0	1	0	0	0	10	10	12	0	100	5	64	3	100634	2	5	14	8	3	0	2	0	11
11	0	1	0	0	0	10	10	16	0	100	5	65	3	100651	1	5	15	5	1	0	2	1	11
33	0	1	1	1	0	13	13	3	0	11	3	66	2	1	2	3	12	1	3	1	1	1	33
0	0	1	0	0	0	13	13	16	0	0	4	67	2	2	2	4	20	3	3	0	2	0	0
100	0	0	0	1	0	13	13	6	0	222	0	68	3	5	1	0	1	0	1	1	0	1	100
100	0	0	1	1	0	13	13	7	0	22	1	69	2	7	1	1	3	3	0	1	0	1	100
16	0	1	0	0	0	13	13	8	0	1	5	70	2	9	2	5	16	2	3	1	1	0	16
66	0	0	1	1	1	13	13	1	0	21	2	71	2	10	2	2	5	0	3	1	1	1	66
50	0	0	0	0	0	13	13	2	0	2	3	72	2	11	2	3	7	0	4	1	0	0	50
50	0	0	0	0	0	13	13	5	0	20	3	73	2	13	2	3	9	2	2	1	2	0	50
16	0	1	0	0	0	13	13	17	0	1	4	74	2	15	1	4	18	3	3	0	1	1	16
0	0	1	0	0	0	13	14	2	0	0	4	75	2	17	1	4	19	4	2	0	2	0	0
16	0	1	0	0	0	13	13	4	0	1	3	76	2	18	2	3	14	1	3	1	1	0	16
50	0	0	0	0	0	13	14	3	0	20	3	77	2	19	1	3	10	4	0	1	2	0	50
33	0	1	1	1	0	13	13	13	0	1	3	78	1	106	1	3	13	3	1	1	1	1	33
66	0	0	1	1	0	13	13	10	0	21	1	79	2	109	1	1	4	3	0	1	1	1	66
50	0	0	0	0	0	13	13	9	0	20	3	80	2	144	1	3	6	3	1	1	2	0	50
16	0	1	0	0	0	13	13	12	0	1	5	81	2	1792	1	5	17	4	1	1	1	0	16
16	0	1	0	0	1	13	14	1	0	10	5	82	2	1793	1	5	15	4	1	1	2	0	16
33	0	1	0	1	0	13	13	14	0	11	3	83	2	1806	1	3	11	3	1	1	1	1	33
50	0	0	0	0	0	13	13	15	0	2	3	84	2	1917	1	3	8	4	0	0	0	1	50
100	0	0	1	1	0	13	13	11	0	22	1	85	2	1960	1	1	2	4	0	1	0	1	100
77	0	0	0	1	0	14	13	19	6	122	7	86	3	3	1	7	3	6	2	1	0	1	77
44	0	0	0	0	0	14	13	18	6	21	3	87	3	4	2	3	13	6	4	1	1	0	44
66	0	0	0	0	0	14	14	14	6	202	8	88	3	8	1	8	7	7	2	1	0	0	66
66	0	0	0	0	0	14	14	7	6	22	7	89	3	12	1	7	6	8	0	1	0	0	66
55	0	0	0	1	0	14	14	19	6	211	8	90	3	14	2	8	8	7	2	1	1	1	55
11	0	1	0	0	0	14	14	4	6	100	4	91	3	88	2	4	22	7	4	1	2	0	11
55	0	0	0	1	1	14	60	1	6	121	8	92	3	89	1	8	9	3	0	1	1	1	55
22	0	1	0	0	0	14	14	12	6	101	5	93	3	91	2	5	21	3	2	1	1	0	22
44	0	0	0	0	0	14	14	15	6	120	3	94	3	94	1	3	16	3	1	1	2	0	44
33	0	0	0	0	0	14	14	9	6	200	3	95	3	95	2	3	17	6	4	1	2	0	33
33	0	0	0	0	0	14	14	16	6	20	5	96	3	97	1	5	19	4	1	0	2	0	33
44	0	0	0	0	0	14	13	20	6	21	3	97	3	110	2	3	11	6	4	1	1	0	44
66	0	0	0	0	0	14	14	11	6	202	7	98	3	1795	1	7	5	3	0	0	0	1	66
33	0	0	0	0	0	14	14	13	6	200	3	99	3	1796	1	3	18	3	1	1	2	0	33
0	0	1	0	0	0	14	14	17	6	0	4	100	3	1799	2	4	24	3	3	0	2	0	0
77	0	0	1	1	0	14	60	2	6	122	6	101	3	1807	1	6	2	3	0	1	0	1	77
44	0	0	0	0	0	14	14	10	6	12	3	102	3	1808	2	3	10	8	2	1	0	0	44
66	0	0	0	0	0	14	14	20	6	22	7	103	3	1919	1	7	4	4	0	1	0	0	66
100	0	0	0	1	0	14	14	5	6	222	6	104	3	1926	1	6	1	7	0	1	0	1	100
33	0	0	0	0	0	14	14	21	6	200	5	105	3	1932	1	5	20	4	1	1	2	0	33
0	0	1	0	0	0	14	14	18	6	0	4	106	3	1938	1	4	23	4	2	0	2	0	0
44	0	0	0	0	0	14	60	4	6	12	3	107	3	1939	1	3	12	3	1	1	0	0	44
44	0	0	0	0	0	14	14	8	6	201	3	108	3	1952	2	3	14	8	2	1	1	0	44
44	0	0	0	0	0	14	14	6	6	210	3	109	3	1961	2	3	15	6	4	1	2	0	44
66	0	0	0	0	1	16	17	1	0	220	3	110	3	58	1	3	6	4	0	1	2	0	66
77	0	0	1	1	0	16	16	5	0	221	2	111	3	59	1	2	4	2	1	1	1	1	77
55	0	0	0	1	0	16	16	3	0	211	3	112	3	65	2	3	8	0	4	1	1	1	55
77	0	0	1	1	0	16	16	4	0	221	1	113	3	66	2	1	2	0	2	1	1	1	77
11	0	1	0	0	1	16	16	1	0	100	4	114	3	70	2	4	18	1	4	0	2	0	11
22	0	1	0	0	0	16	16	13	0	11	5	115	3	72	2	5	15	3	2	0	1	1	22
33	0	1	1	1	0	16	16	2	0	111	3	116	3	73	2	3	11	0	4	1	1	1	33
33	0	0	0	0	0	16	16	6	0	2	3	117	3	74	2	3	12	2	2	0	0	0	33
55	0	0	1	1	0	16	16	17	0	121	3	118	3	217	1	3	7	3	1	1	1	1	55
100	0	0	1	1	0	16	16	10	0	222	0	119	3	219	1	0	1	1	0	1	0	1	100
0	0	1	0	0	0	16	16	14	0	0	4	120	3	226	2	4	20	3	3	0	2	0	0
11	0	1	0	0	0	16	17	3	0	1	4	121	3	294	1	4	19	4	2	0	1	0	11
33	0	0	0	0	0	16	16	15	0	20	5	122	3	378	1	3	14	4	0	1	2	0	33
33	0	0	0	0	0	16	17	2	0	2	3	123	3	379	1	3	13	4	0	0	0	0	33
44	0	0	0	0	0	16	16	16	0	210	3	124	3	614	1	5	16	4	1	1	2	0	44
77	0	0	1	1	0	16	16	8	0	122	3	125	3	1809	1	3	5	2	2	1	0	1	77
33	0	0	0	0	0	16	16	7	0	2	3	126	3	1819	2	3	10	1	3	0	0	0	33
44	0	0	0	0	0	16	16	11	0	210	3	127	3	1823	1	3	9	3	1	0	2	1	44
77	0	0	1	1	0	16	16	12	0	212	1	128	3	110456	1	1	3	3	0	1	0	1	77
11	0	1	0	0	0	16	16	9	0	1	5	129	3	111271	2	5	17	3	2	0	1	0	11
60	0	0	0	0	0	17	16	20	6	20202	7	130	5	57	2	7	6	6	2	1	0	0	60
33	0	0	0	0	0	17	17	7	6	1201	3	131	5	62	1	3	13	3	1	0	1	0	33
46	0	0	0	1	0	17	17	12	6	11211	3	132	5	64	1	3	9	3	1	1	1	1	46
86	0	0	1	1	0	17	17	8	6	21222	6	133	5	69	1	6	1	6	1	1	0	1	86
73	0	0	0	1	0	17	17	9	6	11222	6	134	5	71	1	6	2	7	0	1	0	1	73
66	0	0	0	0	0	17	16	18	6	12022	7	135	5	210	2	7	4	6	2	1	0	0	66
60	0	0	0	1	0	17	17	14	6	11212	7	136	5	212	1	7	5	3	0	1	0	1	60
26	0	0	0	0	0	17	17	1	6	1020	5	137	5	224	1	5	17	5	1	0	2	0	26
26	0	0	0	0	0	17	17	4	6	1002	5	138	5	613	2	5	15	8	3	0	0	0	26
40	0	0	0	0	0	17	17	11	6	22000	3	139	5	1530	2	3	11	7	3	0	2	0	40
33	0	0	0	0	0	17	17	15	6	1021	3	140	5	1738	2	3	12	8	2	0	1	0	33
26	0	0	0	0	0	17	17	17	6	10020	5	141	5	1739	2	5	16	3	2	0	2	0	26
40	0	0	0	0	0	17	17	2	6	11201	3	142	5	1813	1	3	10	5	0	1	1	0	40
33	0	0	0	0	0	17	17	16	6	11020	3	143	5	1814	1	3	14	3	1	1	2	0	33
26	0	0	0	0	0	17	17	5	6	10200	5	144	5	1815	2	5	18	3	3	0	2	0	26
53	0	0	0	0	0	17	17	10	6	12012	8	145	5	1820	1	8	7	8	1	1	0	0	53
20	0	1	0	0	0	17	17	3	6	10101	5	146	5	110316	2	5	19	5	2	1	1	0	20
6	0	1	0	0	0	17	17	6	6	1000	5	147	5	110326	2	5	20	3	3	0	2	0	6
73	0	0	1	1	0	17	16	19	6	22211	6	148	5	110569	1	6	3	7	0	1	1	1	73
53	0	0	0	0	0	17	17	13	6	21120	8	149	5	111989	1	8	8	8	1	1	2	0	53
100	0	0	1	1	0	19	19	2	0	2	0	150	1	21	1	0	1	0	1	1	0	1	100
100	0	0	0	1	1	19	19	1	0	2	1	151	1	22	1	1	3	0	2	1	0	1	100
100	0	0	0	1	0	19	19	4	0	2	1	152	1	23	1	1	3	2	0	1	0	1	100
33	0	1	1	1	0	19	19	12	0	1	3	153	1	25	1	3	10	4	0	1	1	1	33
0	0	1	0	0	0	19	19	15	0	0	5	154	1	28	1	5	15	3	2	0	2	1	0
0	0	1	0	0	0	19	19	5	0	0	3	155	1	32	2	3	12	1	3	1	2	0	0
33	0	1	1	1	0	19	19	3	0	1	3	156	1	34	2	3	8	1	3	1	1	1	33
0	0	1	0	0	0	19	19	6	0	0	4	157	1	36	2	5	15	2	3	0	2	1	0
0	0	1	0	0	0	19	19	9	0	0	3	158	1	38	2	3	12	2	2	1	2	0	0
0	0	1	0	0	1	19	20	1	0	0	4	159	1	165	1	4	18	4	2	0	2	1	0
33	0	1	1	1	0	19	19	13	0	1	3	160	1	169	1	3	10	3	1	1	1	1	33
100	0	0	0	1	0	19	19	10	0	2	2	161	1	171	1	2	6	3	0	1	0	1	100
100	0	0	1	1	0	19	19	8	0	2	3	162	1	175	1	2	6	1	2	1	0	1	100
33	0	1	1	1	0	19	19	7	0	1	3	163	1	485	2	3	8	2	2	1	1	1	33
100	0	0	0	1	0	19	20	2	0	2	2	164	1	1824	1	1	3	3	0	1	0	1	100
0	0	1	0	0	0	19	19	11	0	0	5	165	1	10029	2	3	12	2	2	1	2	0	0
0	0	1	0	0	0	19	19	14	0	0	4	166	1	100409	1	4	17	4	2	0	2	1	0
100	0	0	1	1	0	19	20	3	0	2	1	167	1	110636	1	1	2	4	0	1	0	1	100
55	0	0	1	1	0	20	19	18	6	121	8	168	3	29	2	8	6	6	3	1	1	1	55
11	0	1	0	0	0	20	19	17	6	10	5	169	3	31	2	5	17	7	4	1	2	0	11
55	0	0	1	1	0	20	20	6	6	211	3	170	3	33	2	3	7	6	4	1	1	1	55
33	0	0	0	0	0	20	20	11	6	200	3	171	3	160	2	3	13	8	2	0	2	0	33
77	0	0	0	1	0	20	20	14	6	122	6	172	3	162	1	6	2	8	0	1	0	1	77
44	0	0	0	0	0	20	19	16	6	102	3	173	3	166	2	3	10	6	4	1	0	0	44
44	0	0	0	0	0	20	20	9	6	12	3	174	3	503	1	3	9	3	1	1	0	0	44
44	0	0	0	0	0	20	20	15	6	102	3	175	3	506	1	3	11	3	1	1	0	0	44
33	0	0	0	0	0	20	20	3	6	20	3	176	3	543	1	3	12	5	0	1	2	0	33
66	0	0	0	0	0	20	20	2	6	202	8	177	3	550	1	8	4	5	0	0	0	1	66
0	0	1	0	0	0	20	20	10	6	0	5	178	3	1825	2	5	18	3	3	0	2	0	0
11	0	1	0	0	0	20	20	7	6	100	5	179	3	1831	2	5	16	8	4	0	2	0	11
44	0	0	0	0	0	20	20	5	6	120	3	180	3	10030	1	3	8	3	1	1	2	0	44
55	0	0	1	1	1	20	20	1	6	112	8	181	3	110178	1	8	5	5	0	1	0	1	55
22	0	1	0	0	0	20	20	4	6	110	5	182	3	110329	2	5	15	7	4	1	2	0	22
100	0	0	1	1	0	20	20	8	6	222	6	183	3	110500	1	6	1	3	0	1	0	1	100
77	0	0	1	1	0	20	20	13	6	122	7	184	3	110596	1	7	3	5	0	1	0	1	77
22	0	1	0	0	0	20	20	12	6	110	5	185	3	111239	2	5	14	8	3	0	2	1	22
0	0	1	0	0	0	31	31	12	0	0	4	186	1	39	1	4	19	3	3	0	2	1	0
100	0	0	1	1	0	31	31	6	0	2	0	187	1	44	1	0	1	0	1	1	0	1	100
100	0	0	1	1	1	31	31	1	0	2	1	188	1	45	1	1	3	0	2	1	0	1	100
100	0	0	1	1	0	31	31	4	0	2	3	189	1	46	1	3	7	1	3	1	0	1	100
0	0	1	0	0	0	31	31	2	0	0	3	190	1	47	2	3	13	1	3	0	2	1	0
100	0	0	0	1	0	31	31	5	0	2	1	191	1	48	1	0	1	1	0	1	0	1	100
0	0	1	0	0	0	31	31	8	0	0	5	192	1	50	1	3	14	3	1	1	2	0	0
33	0	1	1	1	0	31	31	7	0	1	3	193	1	52	2	3	9	1	3	1	1	1	33
33	0	1	1	1	0	31	32	2	0	1	3	194	1	54	1	3	11	4	0	1	1	1	33
0	0	1	0	0	0	31	31	3	0	0	3	195	1	55	0	3	12	2	2	1	2	0	0
0	0	1	0	0	0	31	31	9	0	0	5	196	1	189	1	3	14	3	1	1	2	0	0
100	0	0	1	1	0	31	31	10	0	2	2	197	1	192	1	1	3	3	0	1	0	1	100
0	0	1	0	0	1	31	32	1	0	0	4	198	1	200	2	5	17	4	1	0	2	1	0
100	0	0	1	1	0	31	32	6	0	2	3	199	1	1837	1	3	8	4	0	1	0	1	100
33	0	1	1	1	0	31	31	14	0	1	3	200	1	1838	1	4	20	3	3	1	1	1	33
0	0	1	0	0	0	31	31	15	0	0	5	201	1	1842	2	3	14	4	0	1	2	0	0
0	0	1	0	0	0	31	31	16	0	0	4	202	1	1843	2	5	17	4	1	0	2	1	0
33	0	1	1	1	0	31	31	11	0	1	3	203	1	110364	1	3	9	3	1	1	1	1	33
100	0	0	1	1	0	31	31	13	0	2	3	204	1	110374	0	3	6	2	2	1	0	1	100
100	0	0	0	1	0	31	31	17	0	2	2	205	1	110556	1	1	3	4	0	1	0	1	100
0	0	1	0	0	0	32	31	8	6	0	5	206	1	190	2	3	12	8	2	1	2	0	0
33	0	1	1	1	0	32	32	10	6	1	3	207	1	203	1	5	20	8	4	1	1	1	33
33	0	1	1	1	0	32	32	4	6	1	8	208	1	206	2	8	7	6	3	1	1	1	33
0	0	1	0	0	0	32	32	21	6	0	5	209	1	570	2	3	13	5	0	1	2	0	0
33	0	1	0	1	0	32	32	12	6	1	3	210	1	1744	1	5	16	3	2	1	1	1	33
33	0	1	0	1	0	32	32	18	6	1	3	211	1	1746	1	3	9	5	0	1	1	1	33
100	0	0	1	1	0	32	32	17	6	2	6	212	1	1844	1	6	2	3	0	1	0	1	100
0	0	1	0	0	0	32	32	15	6	0	5	213	1	1846	2	5	18	5	2	1	2	0	0
0	0	1	0	0	0	32	32	12	6	0	5	214	1	1847	2	3	10	5	0	1	2	0	0
100	0	0	0	1	0	32	32	13	6	2	8	215	1	1848	1	5	19	3	3	1	0	1	100
100	0	0	0	1	0	32	32	11	6	2	7	216	1	110734	1	7	4	3	0	1	0	1	100
100	0	0	0	1	0	32	32	22	6	2	7	217	1	110741	1	7	3	8	0	1	0	1	100
33	0	1	0	1	0	32	32	7	6	1	3	218	1	110912	2	5	17	7	4	1	1	1	33
0	0	1	0	0	0	32	31	20	6	0	5	219	1	110915	2	3	15	6	4	0	2	1	0
33	0	1	0	1	0	32	32	14	6	1	3	220	1	111491	1	5	22	5	2	1	1	1	33
100	0	0	0	1	0	32	32	3	6	2	6	221	1	111974	1	6	1	7	0	1	0	1	100
0	0	1	0	0	0	32	32	16	6	0	5	222	1	111993	2	3	10	5	0	1	2	0	0
33	0	1	0	1	0	32	32	19	6	1	3	223	1	112020	1	8	8	5	0	1	1	1	33
0	0	1	0	0	0	32	32	9	6	0	5	224	1	112124	1	3	14	3	1	0	2	1	0
33	0	1	0	1	0	32	31	19	6	1	3	225	1	112225	2	5	21	6	4	1	1	1	33
100	0	0	0	1	0	32	32	5	6	2	7	226	1	112237	1	7	6	6	2	1	0	1	100
100	0	0	0	1	0	32	32	20	6	2	7	227	1	112398	1	7	4	5	0	1	0	1	100
53	0	0	0	0	0	39	39	9	16	1122	13	228	24	687	3	11	12	15	4	0	0	0	56
46	0	0	0	0	0	39	39	13	16	20120	13	229	25	688	0	13	10	11	0	0	2	0	43
46	0	0	0	0	0	39	39	10	16	221	14	230	26	689	2	14	4	16	3	1	1	0	50
0	0	0	0	0	0	39	39	17	16	0	5	231	25	691	3	5	16	15	4	0	2	0	16
66	0	0	0	0	0	39	39	11	16	12220	13	232	25	693	0	13	6	11	0	0	2	0	56
26	0	0	0	0	0	39	39	6	16	2010	5	233	26	694	3	11	15	15	4	0	2	0	13
66	0	0	0	0	0	39	39	4	16	12220	11	234	28	695	1	11	13	11	1	0	2	0	56
66	0	0	0	0	0	39	39	5	16	2221	15	235	26	696	1	15	2	15	1	0	1	0	60
66	0	0	0	0	1	39	39	1	16	20212	13	236	27	697	3	13	8	16	4	0	0	0	66
53	0	0	0	0	0	39	39	7	16	22011	13	237	26	698	2	13	5	15	3	1	1	0	63
20	0	0	0	0	0	39	39	18	16	2000	11	238	27	101112	0	13	9	11	0	0	2	0	26
26	0	0	0	0	0	39	39	3	16	20001	13	239	27	111065	2	14	3	15	2	0	1	0	36
26	0	0	0	0	0	39	39	15	16	2010	11	240	23	111070	1	11	14	11	1	0	2	0	40
100	0	0	0	0	0	39	39	19	16	22222	11	241	28	111139	0	11	11	11	1	0	0	0	70
33	0	0	0	0	0	39	39	12	16	1102	5	242	25	111140	2	5	19	11	2	0	0	0	26
80	0	0	0	0	0	39	39	2	16	22022	14	243	25	111144	2	13	7	15	3	0	0	0	60
13	0	0	0	0	0	39	39	16	14	1001	5	244	26	111651	2	5	18	11	2	0	1	0	36
46	0	0	0	0	0	39	39	14	16	1202	16	245	26	111928	0	16	1	11	0	0	0	0	56
33	0	0	0	0	0	39	39	8	16	20011	11	246	23	112134	3	5	17	15	4	0	1	0	46
60	0	0	0	0	0	41	41	3	0	11221	10	247	20	298	2	10	3	0	2	0	1	1	66
46	0	0	0	0	0	41	41	13	0	11211	3	248	20	299	1	3	12	3	1	0	1	0	46
86	0	0	0	0	0	41	41	11	0	22221	8	249	20	300	1	8	5	3	0	0	1	0	66
66	0	0	0	0	1	41	41	1	0	1222	0	250	20	417	1	0	1	0	1	0	0	0	66
46	0	0	0	0	0	41	41	2	0	1022	8	251	19	418	2	8	6	10	2	1	0	0	50
20	0	0	0	0	0	41	41	10	10	20	5	252	20	917	3	5	16	5	2	0	2	0	30
66	0	0	0	0	0	41	41	4	0	21220	3	253	20	919	1	3	7	3	1	0	2	0	63
46	0	0	0	0	0	41	41	7	0	21020	3	254	20	920	3	3	9	10	3	0	2	0	46
33	0	0	0	0	0	41	41	8	0	2101	10	255	20	922	0	10	2	5	0	1	1	0	60
60	0	0	0	0	0	41	41	5	0	22002	3	256	20	1456	1	3	11	3	1	0	0	0	40
46	0	0	0	0	0	41	41	6	0	10202	8	257	20	1463	1	8	4	3	0	0	0	0	40
6	0	0	0	0	0	41	41	14	0	10000	5	258	20	1465	1	5	14	5	1	0	2	0	23
40	0	0	0	0	0	41	41	9	0	2002	3	259	20	1755	1	3	10	3	1	0	0	0	43
53	0	0	0	0	0	41	41	15	0	22110	3	260	20	1841	0	3	8	5	0	0	2	0	43
20	0	0	0	0	0	41	41	12	0	200	5	261	20	2041	3	5	15	3	3	0	2	0	30
20	0	0	0	0	0	41	41	16	0	2	5	262	19	112374	1	5	13	5	1	0	0	0	23
41	0	0	0	0	0	50	50	8	0	121	3	263	4	77	2	3	6	8	2	1	1	0	41
77	0	0	1	1	1	50	50	1	0	212	0	264	3	78	1	8	5	0	3	1	0	1	77
50	0	0	1	1	0	50	50	4	0	2111	8	265	4	80	1	10	2	10	1	1	1	1	50
58	0	0	0	0	0	50	50	10	0	122	10	266	4	81	1	3	7	5	0	1	0	0	58
41	0	0	0	0	0	50	50	6	0	1102	3	267	4	82	1	3	10	3	1	0	0	1	41
50	0	0	0	1	0	50	50	2	0	1121	8	268	4	83	1	10	3	10	1	1	1	1	50
8	0	1	0	0	0	50	50	12	0	1000	5	269	4	180	1	5	12	5	2	0	2	0	8
66	0	0	1	0	0	50	50	3	0	220	10	270	3	181	1	0	1	10	0	1	2	0	66
25	0	1	1	0	0	50	50	9	0	1110	3	271	4	620	2	3	8	3	1	0	2	1	25
50	0	0	1	1	0	50	50	11	0	1112	3	272	4	631	1	3	9	5	0	1	0	1	50
8	0	1	0	0	0	50	50	5	0	100	5	273	4	100804	1	5	11	5	1	0	2	0	8
41	0	0	0	0	0	50	50	7	0	1201	3	274	4	100805	1	8	4	3	0	0	1	1	41
66	0	0	1	1	0	53	53	5	0	12	1	275	2	240	1	1	4	1	1	1	0	1	66
100	0	0	0	1	0	53	53	2	0	22	0	276	2	241	1	0	1	0	1	1	0	1	100
66	0	0	1	1	1	53	54	1	0	21	2	277	2	242	1	2	5	3	0	1	1	1	66
16	0	1	0	0	1	53	53	1	0	10	3	278	2	243	2	3	14	0	4	1	2	0	16
50	0	0	0	0	0	53	53	16	0	2	3	279	2	244	1	3	11	4	0	0	0	1	50
0	0	1	0	0	0	53	53	10	0	0	4	280	2	448	2	4	20	2	4	0	2	0	0
50	0	0	0	0	0	53	53	13	0	20	3	281	2	449	1	3	9	3	1	0	2	1	50
0	0	1	0	0	0	53	54	2	0	0	4	282	2	450	2	4	18	3	3	0	2	0	0
0	0	1	0	0	0	53	53	14	0	0	5	283	2	452	2	5	17	3	2	0	2	0	0
66	0	0	1	1	0	53	53	8	0	21	2	284	2	453	1	2	6	3	0	1	1	1	66
50	0	0	0	0	0	53	53	12	0	2	3	285	2	457	1	3	12	3	1	1	0	0	50
33	0	1	1	1	0	53	53	3	0	11	3	286	2	461	2	3	13	1	3	1	1	1	33
100	0	0	1	1	0	53	54	3	0	22	1	287	2	462	1	1	2	3	0	1	0	1	100
0	0	1	0	0	0	53	53	7	0	0	4	288	2	479	2	4	19	2	4	0	2	0	0
100	0	0	1	1	0	53	53	15	0	22	1	289	2	480	1	1	3	4	0	1	0	1	100
66	0	0	1	1	0	53	53	9	0	21	3	290	2	481	1	2	6	2	1	1	1	1	66
66	0	0	1	1	0	53	53	4	0	21	3	291	2	573	1	3	8	2	2	1	1	1	66
16	0	1	0	0	0	53	53	6	0	10	5	292	2	1853	2	5	16	2	3	1	2	0	16
50	0	0	0	0	0	53	53	11	0	2	3	293	2	1860	1	3	10	3	1	1	0	0	50
16	0	1	0	0	0	53	53	17	0	1	5	294	2	110832	1	5	15	4	1	1	1	0	16
0	0	1	0	0	0	54	53	20	6	0	5	295	2	456	2	5	22	6	4	0	2	0	0
0	0	1	0	0	0	54	53	19	6	0	5	296	2	459	2	5	21	6	4	0	2	0	0
100	0	0	1	1	0	54	54	11	6	22	6	297	2	468	1	6	1	3	0	1	0	1	100
66	0	0	1	1	0	54	54	9	6	21	8	298	2	472	1	8	7	8	1	1	1	1	66
66	0	0	1	1	0	54	54	10	6	21	7	299	2	477	1	7	4	3	0	1	1	1	66
66	0	0	1	1	0	54	53	18	6	21	3	300	2	483	2	3	9	6	4	1	1	1	66
50	0	0	0	0	0	54	54	17	6	2	3	301	2	571	1	3	14	3	1	1	0	0	50
50	0	0	0	0	0	54	54	14	6	20	3	302	2	1742	1	3	11	3	1	1	2	0	50
66	0	0	1	1	0	54	54	18	6	12	7	303	2	1855	1	7	6	5	0	1	0	1	66
100	0	0	1	1	0	54	54	7	6	22	6	304	2	1861	1	6	2	7	0	1	0	1	100
66	0	0	1	1	0	54	54	6	6	12	7	305	2	1867	1	7	5	7	1	1	0	1	66
50	0	0	0	0	0	54	54	21	6	2	3	306	2	2023	1	3	13	5	0	1	0	0	50
33	0	1	1	1	0	54	54	19	6	11	3	307	2	15021	1	3	15	5	0	1	1	1	33
16	0	1	0	0	0	54	54	4	6	10	5	308	2	100831	2	5	16	7	4	1	2	0	16
0	0	1	0	0	0	54	54	5	6	0	5	309	2	100879	2	5	19	7	4	0	2	0	0
66	0	0	1	1	0	54	54	15	6	12	7	310	2	110062	1	7	3	3	0	1	0	1	66
0	0	1	0	0	0	54	54	21	6	0	5	311	2	110069	1	5	20	5	2	0	2	0	0
0	0	1	0	0	0	54	54	8	6	0	5	312	2	110704	2	5	18	3	2	0	2	0	0
50	0	0	0	0	0	54	54	20	6	2	3	313	2	110710	1	3	12	3	1	1	0	0	50
66	0	0	1	1	0	54	54	22	6	21	8	314	2	110831	1	8	8	5	0	1	1	1	66
66	0	0	1	1	0	54	54	13	6	21	3	315	2	110839	1	3	10	3	1	1	1	1	66
16	0	1	0	0	0	54	54	16	6	10	5	316	2	111827	2	5	17	3	2	0	2	1	16
46	0	0	0	0	0	56	56	7	0	2120	3	317	20	319	3	3	11	0	4	0	2	0	33
66	0	0	0	0	0	56	56	4	0	22102	10	318	20	320	1	10	2	10	1	1	0	0	66
40	0	0	0	0	1	56	56	1	0	20200	8	319	20	432	3	8	5	0	3	0	2	0	56
80	0	0	0	0	0	56	56	2	0	22022	8	320	20	433	2	8	4	0	3	0	0	0	63
66	0	0	0	0	0	56	56	3	0	21220	0	321	20	700	1	0	1	0	1	1	2	0	56
40	0	0	0	0	0	56	56	13	0	12101	3	322	20	702	1	3	6	3	1	0	1	0	46
6	0	0	0	0	0	56	56	12	0	1000	5	323	20	705	3	5	16	10	4	0	2	0	23
73	0	0	0	0	0	56	56	11	0	11222	3	324	20	710	1	3	7	3	1	0	0	0	60
86	0	0	0	0	0	56	56	6	0	22122	10	325	20	711	1	10	3	8	0	0	0	0	63
46	0	0	0	0	0	56	56	8	0	1202	3	326	20	1439	1	3	9	3	1	0	0	0	56
46	0	0	0	0	0	56	56	16	0	21020	3	327	20	1596	1	3	10	5	0	0	2	0	40
40	0	0	0	0	0	56	56	9	0	20002	5	328	20	111277	2	5	14	5	2	0	0	0	36
6	0	0	0	0	0	56	56	5	0	100	5	329	20	111594	3	5	15	3	3	0	2	0	10
26	0	0	0	0	0	56	56	15	0	1111	3	330	20	111835	1	3	8	5	0	0	1	0	40
20	0	0	0	0	0	56	56	10	0	200	5	331	20	112072	1	5	13	5	1	0	2	0	26
46	0	0	0	0	0	56	56	14	0	212	3	332	20	112267	1	3	12	5	0	0	0	0	46
33	0	0	0	0	0	60	61	4	6	20	3	333	3	121	1	3	17	4	0	0	2	0	33
44	0	0	0	0	0	60	61	2	6	21	3	334	3	127	1	3	11	4	0	1	1	0	44
66	0	0	0	0	0	60	14	24	6	220	7	335	3	142	1	7	5	8	0	0	2	1	66
77	0	0	0	1	0	60	60	17	6	122	6	336	3	346	1	6	1	4	0	1	0	1	77
77	0	0	0	1	0	60	60	6	6	122	7	337	3	361	1	7	4	3	0	1	0	1	77
44	0	0	0	0	0	60	60	8	6	102	3	338	3	1480	1	3	12	3	1	0	0	1	44
22	0	1	0	0	0	60	14	22	6	110	5	339	3	1790	2	5	20	3	2	1	2	0	22
55	0	0	0	1	0	60	60	3	6	211	8	340	3	1794	2	8	8	6	3	1	1	1	55
44	0	0	0	0	0	60	60	5	6	210	3	341	3	1798	2	3	10	6	4	1	2	0	44
33	0	1	1	1	0	60	14	23	6	111	3	342	3	1800	2	3	14	7	3	1	1	1	33
22	0	1	0	0	0	60	60	15	6	101	5	343	3	1801	2	5	19	8	3	1	1	0	22
44	0	0	0	0	0	60	60	19	6	12	3	344	3	1803	1	3	13	4	0	0	0	1	44
11	0	1	0	0	0	60	60	16	6	10	4	345	3	1920	2	4	22	3	3	0	2	0	11
44	0	0	0	0	0	60	60	9	6	102	8	346	3	1925	1	8	9	8	1	0	0	1	44
77	0	0	1	1	1	60	61	1	6	122	7	347	3	1934	1	7	3	6	2	1	0	1	77
33	0	1	0	1	0	60	60	10	6	111	3	348	3	1935	1	3	16	3	1	1	1	1	33
66	0	0	0	0	0	60	60	7	6	220	7	349	3	1937	1	7	6	7	1	0	2	1	66
16	0	1	0	0	0	60	60	13	6	10	4	350	2	1941	2	4	21	3	3	1	2	0	16
33	0	1	0	1	0	60	60	11	6	111	3	351	3	1943	2	3	15	7	3	1	1	1	33
22	0	1	0	0	0	60	60	14	6	101	5	352	3	1945	1	5	18	4	1	1	1	0	22
0	0	1	0	0	0	60	60	18	6	0	4	353	3	1949	2	4	24	3	3	0	2	0	0
0	0	1	0	0	0	60	60	20	6	0	4	354	2	1958	2	4	23	3	3	0	2	0	0
77	0	0	0	1	0	60	60	12	6	221	6	355	3	15048	1	6	2	3	0	1	1	1	77
66	0	0	0	0	0	60	61	3	6	202	8	356	3	110890	1	8	7	8	1	1	0	0	66
11	0	1	0	0	0	61	61	22	6	10	5	357	3	135	1	5	24	5	2	0	2	0	11
66	0	0	0	0	0	61	60	23	6	22	7	358	3	143	1	7	6	3	0	0	0	1	66
44	0	0	0	0	0	61	61	15	6	210	3	359	3	357	1	3	11	5	0	0	2	1	44
11	0	1	0	0	0	61	61	19	6	10	5	360	3	373	1	5	22	5	1	0	2	0	11
33	0	0	0	0	0	61	61	11	6	200	3	361	3	382	1	3	16	3	1	0	2	1	33
44	0	0	0	0	0	61	61	10	6	201	3	362	3	1797	2	3	10	6	4	1	1	0	44
100	0	0	0	1	0	61	61	8	6	222	6	363	3	1802	1	6	2	7	0	1	0	1	100
66	0	0	0	0	0	61	61	18	6	22	7	364	3	1804	1	7	4	7	1	1	0	0	66
22	0	1	0	0	0	61	60	22	6	11	3	365	3	1924	2	3	18	6	4	1	1	0	22
66	0	0	0	0	0	61	61	12	6	202	7	366	3	1928	1	7	5	3	0	1	0	0	66
11	0	1	0	0	0	61	61	21	6	10	5	367	3	1929	2	5	23	8	4	0	2	0	11
55	0	0	1	1	0	61	61	20	6	121	8	368	3	1930	1	8	9	8	1	1	1	1	55
50	0	0	0	0	0	61	60	21	6	20	3	369	2	1933	2	3	14	8	2	0	2	1	50
77	0	0	0	1	0	61	61	6	6	212	6	370	3	1936	1	6	3	7	0	1	0	1	77
55	0	0	0	1	0	61	61	5	6	112	8	371	3	1946	1	8	8	8	1	1	0	1	55
44	0	0	0	0	0	61	61	2	6	12	3	372	3	1948	1	3	12	3	1	0	0	1	44
100	0	0	0	1	0	61	61	9	6	222	6	373	3	1951	1	6	1	7	0	1	0	1	100
11	0	1	0	0	0	61	61	4	6	1	5	374	3	1954	2	5	21	8	3	0	1	0	11
22	0	1	0	0	0	61	60	24	6	110	3	375	3	1955	1	3	19	3	1	1	2	0	22
16	0	1	0	0	0	61	61	13	6	1	5	376	2	1962	2	5	20	6	4	0	1	1	16
33	0	0	0	0	0	61	61	17	6	20	3	377	3	15015	1	3	15	5	0	0	2	0	33
66	0	0	0	0	0	61	61	14	6	220	7	378	3	110313	1	7	7	5	0	0	2	1	66
33	0	0	0	0	0	61	61	16	6	200	3	379	3	112259	1	3	17	5	0	1	2	0	33
44	0	0	0	0	1	61	61	1	6	102	3	380	3	112260	2	3	13	6	4	1	0	0	44
33	0	0	0	0	0	65	65	5	0	21001	3	381	22	305	0	8	5	5	0	0	1	0	43
73	0	0	0	0	1	65	65	1	0	12212	10	382	21	306	3	10	3	0	2	1	0	0	56
33	0	0	0	0	0	65	65	11	0	11002	3	383	22	422	1	3	8	3	1	0	0	0	40
53	0	0	0	0	0	65	65	4	0	12021	8	384	21	423	1	8	4	10	2	0	1	1	50
33	0	0	0	0	0	65	65	3	0	1021	8	385	21	445	3	3	7	10	3	0	1	0	40
73	0	0	0	0	0	65	65	2	0	21221	0	386	22	563	1	0	1	0	1	1	1	0	66
13	0	0	0	0	0	65	65	12	0	1001	3	387	22	834	0	3	6	5	0	0	1	0	36
20	0	0	0	0	0	65	65	7	10	10110	5	388	21	837	1	5	10	5	1	0	2	0	16
46	0	0	0	0	0	65	65	6	0	11121	3	389	22	838	1	3	9	5	0	0	1	0	36
40	0	0	0	0	0	65	65	9	0	20200	10	390	22	1572	0	10	2	8	0	0	2	0	70
40	0	0	0	0	0	65	65	8	10	220	5	391	22	111132	1	5	11	5	2	0	2	0	26
100	0	0	0	1	0	66	66	11	0	22	10	392	2	301	1	10	3	3	0	1	0	1	100
66	0	0	0	1	0	66	66	8	0	21	8	393	2	420	2	8	4	10	2	1	1	1	66
100	0	0	0	1	0	66	66	4	0	22	10	394	2	873	1	10	2	0	2	1	0	1	100
0	0	1	0	0	0	66	66	2	0	0	5	395	2	874	2	5	15	0	4	1	2	0	0
50	0	0	0	0	0	66	66	6	0	20	3	396	2	1570	2	3	8	8	2	0	2	1	50
100	0	0	0	1	0	66	66	3	0	22	0	397	2	1871	1	0	1	0	1	1	0	1	100
66	0	0	1	1	0	66	66	7	0	21	8	398	2	1873	2	8	6	10	2	1	1	1	66
0	0	1	0	0	0	66	66	14	0	0	5	399	2	110744	1	5	14	5	1	0	2	0	0
66	0	0	1	1	0	66	66	10	0	21	8	400	2	110745	1	8	4	8	1	1	1	1	66
50	0	0	0	0	0	66	66	15	0	20	3	401	2	110746	1	3	7	5	0	0	2	1	50
50	0	0	0	0	0	66	66	9	0	2	3	402	2	110749	2	3	13	8	2	1	0	0	50
0	0	1	0	0	0	66	66	5	0	0	5	403	2	111083	2	5	15	10	4	1	2	0	0
0	0	1	0	0	0	66	66	16	0	0	3	404	2	111086	1	3	12	5	0	0	2	0	0
16	0	1	0	0	0	66	66	12	0	1	3	405	2	111087	2	3	11	3	1	1	1	0	16
50	0	0	0	0	0	66	66	13	0	2	3	406	2	111091	1	3	10	3	1	0	0	1	50
50	0	0	0	0	1	66	66	1	0	2	3	407	2	111092	2	3	9	0	4	1	0	0	50
20	0	0	0	0	0	67	67	4	0	2	5	408	6	312	2	5	16	10	4	0	0	0	16
60	0	0	0	0	0	67	67	3	0	222	10	409	6	315	2	10	4	0	2	0	0	0	66
40	0	0	0	0	0	67	67	12	0	2200	3	410	6	100764	1	3	12	5	0	0	2	0	38
46	0	0	0	0	0	67	67	7	0	20120	8	411	6	100765	2	8	7	10	2	0	2	0	55
53	0	0	0	0	0	67	67	5	0	12012	8	412	6	100766	2	8	6	10	2	1	0	0	61
60	0	0	0	0	0	67	67	2	0	22020	10	413	6	100767	2	10	5	0	2	1	2	0	66
66	0	0	0	0	1	67	67	1	0	22210	0	414	6	100769	1	0	1	0	1	0	2	1	72
60	0	0	0	0	0	67	67	8	0	20202	3	415	6	110089	2	3	8	8	2	1	0	0	50
26	0	0	0	0	0	67	67	15	0	2100	5	416	6	110106	1	5	14	5	1	0	2	0	22
80	0	0	0	0	0	67	67	11	0	20222	10	417	6	110109	1	10	2	8	0	1	0	0	72
80	0	0	0	0	0	67	67	6	0	22202	10	418	6	110227	1	10	3	10	1	1	0	0	66
46	0	0	0	0	0	67	67	16	0	2120	3	419	6	110230	1	3	11	5	0	0	2	0	38
33	0	0	0	0	0	67	67	13	0	10012	5	420	6	110231	2	5	13	3	2	0	0	0	27
53	0	0	0	0	0	67	67	10	0	20121	3	421	6	110234	1	3	10	3	1	1	1	0	44
0	0	0	0	0	0	67	67	14	0	0	5	422	6	112217	2	5	15	3	3	0	2	0	16
33	0	0	0	0	0	67	67	9	0	2011	3	423	6	112218	1	3	9	3	1	1	1	0	44
0	0	0	0	0	1	76	50	1	0	0	0	424	0	86	0	0	7	0	0	0	0	0	0
0	0	0	0	0	0	76	76	1	0	0	0	425	0	278	0	0	1	0	0	0	0	0	0
0	0	0	0	0	0	76	76	1	0	0	0	426	0	280	0	0	1	0	0	0	0	0	0
0	0	0	0	0	0	76	76	8	0	0	0	427	0	325	0	0	1	0	0	0	0	0	0
0	0	0	0	0	0	76	76	1	0	0	0	428	0	393	0	0	1	0	0	0	0	0	0
0	0	0	0	0	0	76	76	1	0	0	0	429	0	1876	0	0	1	0	0	0	0	0	0
0	0	0	0	0	0	76	76	1	0	0	0	430	0	1877	0	0	1	0	0	0	0	0	0
0	0	0	0	0	0	76	76	1	0	0	0	431	0	1884	0	0	1	0	0	0	0	0	0
0	0	0	0	0	0	76	76	1	0	0	0	432	0	101085	0	0	1	0	0	0	0	0	0
0	0	0	0	0	0	76	76	1	0	0	0	433	0	110929	0	0	1	0	0	0	0	0	0
0	0	0	0	0	0	76	76	1	0	0	0	434	0	110930	0	0	1	0	0	0	0	0	0
0	0	0	0	0	0	76	76	1	0	0	0	435	0	111072	0	0	1	0	0	0	0	0	0
0	0	0	0	0	0	76	76	1	0	0	0	436	0	111205	0	0	1	0	0	0	0	0	0
0	0	0	0	0	0	76	76	9	0	0	0	437	0	111596	0	0	2	0	0	0	0	0	0
0	0	0	0	0	0	76	76	2	0	0	0	438	0	112190	0	0	1	0	0	0	0	0	0
0	0	0	0	0	0	78	78	1	0	0	0	439	0	974	0	0	1	0	0	0	0	0	0
0	0	0	0	0	0	78	78	1	0	0	0	440	0	1318	0	0	1	0	0	0	0	0	0
0	0	0	0	0	0	78	78	1	0	0	0	441	0	1322	0	0	1	0	0	0	0	0	0
0	0	0	0	0	0	78	78	1	0	0	0	442	0	1325	0	0	1	0	0	0	0	0	0
0	0	0	0	0	0	78	78	1	0	0	0	443	0	1327	0	0	1	0	0	0	0	0	0
0	0	0	0	0	0	78	78	1	0	0	0	444	0	1330	0	0	1	0	0	0	0	0	0
0	0	0	0	0	0	78	78	1	0	0	0	445	0	1331	0	0	1	0	0	0	0	0	0
0	0	0	0	0	0	78	78	1	0	0	0	446	0	1334	0	0	1	0	0	0	0	0	0
0	0	0	0	0	0	78	78	1	0	0	0	447	0	1335	0	0	1	0	0	0	0	0	0
0	0	0	0	0	0	78	78	1	0	0	0	448	0	1337	0	0	1	0	0	0	0	0	0
0	0	0	0	0	0	78	78	1	0	0	0	449	0	1338	0	0	1	0	0	0	0	0	0
0	0	0	0	0	0	78	78	1	0	0	0	450	0	1343	0	0	1	0	0	0	0	0	0
0	0	0	0	0	0	78	78	1	0	0	0	451	0	1352	0	0	1	0	0	0	0	0	0
0	0	0	0	0	0	78	78	1	0	0	0	452	0	1353	0	0	1	0	0	0	0	0	0
0	0	0	0	0	0	78	78	1	0	0	0	453	0	1354	0	0	1	0	0	0	0	0	0
0	0	0	0	0	0	78	78	1	0	0	0	454	0	1355	0	0	1	0	0	0	0	0	0
0	0	0	0	0	0	78	78	1	0	0	0	455	0	1356	0	0	1	0	0	0	0	0	0
0	0	0	0	0	0	78	78	1	0	0	0	456	0	1357	0	0	1	0	0	0	0	0	0
0	0	0	0	0	0	78	78	1	0	0	0	457	0	1359	0	0	1	0	0	0	0	0	0
0	0	0	0	0	0	78	78	1	0	0	0	458	0	1361	0	0	1	0	0	0	0	0	0
0	0	0	0	0	0	78	78	1	0	0	0	459	0	1362	0	0	1	0	0	0	0	0	0
0	0	0	0	0	0	78	78	1	0	0	0	460	0	1363	0	0	1	0	0	0	0	0	0
0	0	0	0	0	0	78	78	1	0	0	0	461	0	1364	0	0	1	0	0	0	0	0	0
0	0	0	0	0	0	78	78	1	0	0	0	462	0	1365	0	0	1	0	0	0	0	0	0
0	0	0	0	0	0	78	78	1	0	0	0	463	0	1369	0	0	1	0	0	0	0	0	0
0	0	0	0	0	0	78	78	1	0	0	0	464	0	1370	0	0	1	0	0	0	0	0	0
0	0	0	0	0	0	78	78	1	0	0	0	465	0	1375	0	0	1	0	0	0	0	0	0
0	0	0	0	0	0	78	78	1	0	0	0	466	0	1377	0	0	1	0	0	0	0	0	0
0	0	0	0	0	0	78	78	1	0	0	0	467	0	1386	0	0	1	0	0	0	0	0	0
0	0	0	0	0	0	78	78	1	0	0	0	468	0	1387	0	0	1	0	0	0	0	0	0
0	0	0	0	0	0	78	78	1	0	0	0	469	0	1395	0	0	1	0	0	0	0	0	0
0	0	0	0	0	0	78	78	1	0	0	0	470	0	1415	0	0	1	0	0	0	0	0	0
0	0	0	0	0	0	78	78	1	0	0	0	471	0	1886	0	0	1	0	0	0	0	0	0
0	0	0	0	0	0	78	78	1	0	0	0	472	0	105035	0	0	1	0	0	0	0	0	0
0	0	0	0	0	0	78	78	1	0	0	0	473	0	110081	0	0	1	0	0	0	0	0	0
0	0	0	0	0	0	78	78	1	0	0	0	474	0	111099	0	0	1	0	0	0	0	0	0
0	0	0	0	0	0	78	78	1	0	0	0	475	0	111108	0	0	1	0	0	0	0	0	0
0	0	0	0	0	0	78	78	1	0	0	0	476	0	111109	0	0	1	0	0	0	0	0	0
0	0	0	0	0	0	78	78	1	0	0	0	477	0	111112	0	0	1	0	0	0	0	0	0
0	0	0	0	0	0	78	78	1	0	0	0	478	0	111130	0	0	1	0	0	0	0	0	0
0	0	0	0	0	0	78	78	1	0	0	0	479	0	111451	0	0	1	0	0	0	0	0	0
0	0	0	0	0	0	78	78	1	0	0	0	480	0	111459	0	0	1	0	0	0	0	0	0
0	0	0	0	0	0	78	78	1	0	0	0	481	0	111465	0	0	1	0	0	0	0	0	0
0	0	0	0	0	0	78	78	1	0	0	0	482	0	111466	0	0	1	0	0	0	0	0	0
0	0	0	0	0	0	78	78	1	0	0	0	483	0	111473	0	0	1	0	0	0	0	0	0
0	0	0	0	0	0	78	78	1	0	0	0	484	0	111487	0	0	1	0	0	0	0	0	0
53	0	0	0	0	1	80	80	1	0	22011	10	485	6	191	2	10	4	0	2	0	1	1	61
60	0	0	0	0	0	80	80	5	0	20202	3	486	6	209	2	3	6	10	3	0	0	0	50
60	0	0	0	0	0	80	80	2	0	20220	10	487	6	254	2	10	2	0	2	0	2	0	66
80	0	0	0	0	0	80	80	4	0	2222	0	488	6	256	1	0	1	0	1	0	0	1	83
40	0	0	0	0	0	80	80	6	0	2200	8	489	6	780	2	8	5	10	2	0	2	0	50
60	0	0	0	0	0	80	80	8	0	2022	10	490	6	1785	1	10	3	3	0	1	0	0	66
20	0	0	0	0	0	80	80	7	0	200	5	491	6	2045	2	5	10	5	2	0	2	0	16
26	0	0	0	0	0	80	80	9	0	21	5	492	6	111373	1	5	9	5	1	0	1	0	22
46	0	0	0	0	0	80	80	3	0	22010	3	493	6	111821	1	3	7	3	1	0	2	0	38
40	0	0	0	0	0	80	80	10	0	20002	3	494	6	111822	1	3	8	5	0	0	0	0	33
33	0	0	0	0	0	83	83	15	0	1210	5	495	30	980	1	5	13	5	1	0	2	0	33
46	0	0	0	0	0	83	83	10	0	221	3	496	30	981	3	3	11	9	3	0	1	0	50
80	0	0	0	0	0	83	83	3	0	22022	0	497	30	982	1	0	1	0	1	0	0	0	73
60	0	0	0	0	0	83	83	4	0	12211	9	498	30	983	2	9	3	0	2	0	1	0	46
53	0	0	0	0	0	83	83	6	0	21021	8	499	30	1473	1	8	4	9	2	0	1	0	60
80	0	0	0	0	0	83	83	2	0	2222	8	500	30	1474	3	8	5	0	3	0	0	0	73
40	0	0	0	0	0	83	83	7	0	202	3	501	30	1475	1	3	12	3	1	0	0	0	23
40	1	0	0	0	0	83	83	5	0	11201	3	502	30	1476	0	3	6	3	1	0	1	0	53
40	0	0	0	0	1	83	83	1	0	21101	9	503	30	1477	2	9	2	0	2	0	1	0	53
20	0	0	0	0	0	83	83	9	0	10101	3	504	30	1478	2	3	7	8	2	0	1	0	33
6	0	0	0	0	0	83	83	14	0	1	5	505	30	2055	1	5	15	5	2	0	1	0	33
46	0	0	0	0	0	83	83	12	0	21020	3	506	30	2056	1	3	10	5	0	0	2	0	30
86	0	0	0	0	0	83	83	13	0	22221	3	507	30	110765	1	3	9	3	1	0	1	0	73
46	0	0	0	0	0	83	83	8	0	1022	3	508	30	111588	2	3	8	8	2	0	0	0	53
6	0	0	0	0	0	83	83	16	0	10000	5	509	30	112115	2	5	16	5	2	0	2	0	16
40	0	0	0	0	0	83	83	11	0	22000	5	510	30	112258	2	5	14	3	2	0	2	0	26
73	0	0	0	0	0	189	189	8	0	11222	10	511	7	322	1	10	3	3	0	0	0	1	66
13	0	1	0	0	0	189	189	4	0	1010	5	512	7	324	2	5	10	8	4	0	2	0	9
46	0	0	0	0	0	189	189	6	0	2012	3	513	7	894	2	3	6	10	3	0	0	0	38
53	0	0	0	0	1	189	189	1	0	11220	10	514	7	896	2	10	4	0	2	1	2	0	57
26	0	0	0	0	0	189	189	2	0	102	3	515	7	897	2	3	8	10	3	0	0	0	28
73	0	0	1	1	0	189	189	10	0	21122	10	516	7	898	1	10	2	5	0	1	0	1	71
53	0	0	0	0	0	189	189	3	0	21201	8	517	7	900	2	8	5	0	3	0	1	0	42
20	0	0	0	0	0	189	189	5	0	2000	3	518	7	1715	1	3	7	3	1	0	2	0	33
26	0	0	0	0	0	189	189	7	0	20001	5	519	7	1862	1	5	9	5	1	0	1	0	23
66	0	0	0	0	0	189	189	9	0	21220	0	520	7	110770	1	0	1	0	1	1	2	0	76
66	0	0	1	1	0	308	308	2	0	12	0	521	2	234	1	0	1	0	1	1	0	1	66
66	0	0	1	1	1	308	308	1	0	12	10	522	2	236	1	10	2	0	2	1	0	1	66
16	0	1	0	0	0	308	308	4	0	10	3	523	2	237	2	3	12	0	4	0	2	1	16
16	0	1	0	0	0	308	308	11	0	10	5	524	2	665	1	5	16	3	3	0	2	1	16
50	0	0	0	0	0	308	308	14	0	2	8	525	2	744	1	8	7	5	0	0	0	1	50
16	0	1	0	0	0	308	308	6	0	10	5	526	2	1887	2	5	15	10	4	1	2	0	16
33	0	1	1	1	0	308	308	9	0	11	3	527	2	1888	2	3	10	8	2	1	1	1	33
16	0	1	0	0	0	308	308	7	0	10	5	528	2	1891	2	5	14	10	4	1	2	0	16
33	0	1	1	1	0	308	308	10	0	11	3	529	2	1892	1	3	9	3	1	1	1	1	33
66	0	0	1	1	0	308	308	5	0	21	8	530	2	1893	1	8	6	10	2	1	1	1	66
66	0	0	1	1	0	308	308	3	0	12	10	531	2	1896	1	10	3	0	2	1	0	1	66
16	0	1	0	0	0	308	308	13	0	10	5	532	2	1897	1	5	13	3	2	1	2	0	16
66	0	0	1	1	0	308	308	16	0	12	10	533	2	1900	1	10	4	5	0	1	0	1	66
33	0	1	0	1	0	308	308	12	0	11	3	534	2	1901	1	3	8	5	0	1	1	1	33
16	0	1	0	0	0	308	308	15	0	1	3	535	2	10020	1	3	11	5	0	1	1	0	16
66	0	0	1	1	0	308	308	8	0	21	10	536	2	111540	1	10	5	8	0	1	1	1	66
73	0	0	0	1	0	341	341	4	16	21122	14	537	6	1028	1	14	3	13	0	1	0	1	66
53	0	0	0	0	0	341	341	2	16	2112	11	538	6	1032	2	11	9	16	4	1	0	0	50
73	0	0	0	1	0	341	341	9	16	21212	14	539	6	1878	2	14	4	16	3	1	0	1	66
53	0	0	0	0	0	341	341	3	16	21120	13	540	6	1879	2	13	6	16	4	0	2	1	50
33	0	0	0	0	0	341	341	15	16	1120	11	541	6	1880	2	11	14	14	3	0	2	0	27
40	0	0	0	0	0	341	341	14	16	20020	11	542	6	1881	2	11	12	14	3	0	2	0	38
86	0	0	0	1	0	341	341	11	16	22221	16	543	6	1882	1	16	1	15	0	1	1	1	88
40	0	0	0	0	0	341	341	5	16	21101	13	544	6	1970	2	13	7	16	4	1	1	0	50
40	0	0	0	0	0	341	341	10	16	21110	11	545	6	101114	1	11	11	11	1	1	2	0	38
53	0	0	0	0	0	341	341	13	16	1212	13	546	6	101116	1	13	8	11	0	1	0	0	50
33	0	0	0	0	1	341	341	1	16	21001	11	547	6	110144	2	11	10	15	4	0	1	0	44
33	0	0	0	0	0	341	341	6	16	2101	11	548	6	110147	2	11	13	15	4	0	1	0	33
13	0	1	0	0	0	341	341	16	16	1100	5	549	6	110149	2	5	17	11	2	0	2	0	11
6	0	1	0	0	0	341	341	17	16	100	5	550	6	110150	2	5	18	11	2	0	2	0	5
26	0	0	0	0	0	341	341	8	16	12	5	551	6	110151	2	5	15	13	3	0	0	0	22
26	0	0	0	0	0	341	341	12	16	1002	5	552	6	110152	2	5	16	11	2	0	0	0	22
46	0	0	0	0	0	341	341	18	16	20210	13	553	6	110781	1	13	5	11	0	0	2	0	55
66	0	0	0	0	0	341	341	7	16	2122	15	554	6	111678	1	15	2	13	0	1	0	0	72
41	0	0	0	0	0	350	350	3	0	1021	3	555	4	605	2	3	6	0	4	0	1	1	41
66	0	0	1	1	0	350	350	5	0	1221	9	556	4	607	1	9	3	9	1	1	1	1	66
83	0	0	1	1	1	350	350	1	0	2212	0	557	4	111674	1	0	1	0	1	1	0	1	83
41	0	0	0	0	0	350	350	4	0	1021	3	558	4	112096	2	3	8	9	3	1	1	0	41
58	0	0	0	0	0	350	350	7	0	1202	8	559	4	112139	2	8	4	9	2	0	0	1	58
55	0	0	1	1	0	350	350	2	0	211	3	560	3	112387	2	3	7	0	4	1	1	1	55
8	0	1	0	0	0	350	350	8	0	1	5	561	4	112389	2	5	13	8	4	0	1	0	8
83	0	0	1	1	0	350	350	6	0	1222	9	562	4	112390	1	9	2	8	0	1	0	1	83
33	0	0	0	0	0	350	350	10	0	1020	3	563	4	112392	1	3	9	3	1	1	2	0	33
33	0	0	0	0	0	350	350	12	0	200	5	564	3	112393	1	5	11	5	1	0	2	0	33
50	0	0	1	1	0	350	350	11	0	1121	3	565	4	112394	1	3	5	3	1	1	1	1	50
33	0	0	0	0	0	350	350	9	0	102	3	566	4	112395	1	3	10	3	1	0	0	0	33
25	0	0	0	0	0	350	350	13	0	200	5	567	4	112407	1	5	12	5	1	0	2	0	25
8	0	1	0	0	0	350	350	14	0	1000	5	568	4	112408	2	5	14	5	2	0	2	0	8
0	0	0	0	0	0	351	351	9	0	0	0	569	0	111393	0	0	2	14	0	0	0	0	0
0	0	0	0	0	1	351	351	1	0	0	0	570	0	111395	0	0	2	16	0	0	0	0	0
0	0	0	0	0	0	351	351	3	0	0	0	571	0	111396	0	0	2	16	0	0	0	0	0
0	0	0	0	0	0	351	351	8	0	0	0	572	0	111397	0	0	2	16	0	0	0	0	0
0	0	0	0	0	0	351	351	7	0	0	0	573	0	111398	0	0	2	14	0	0	0	0	0
0	0	0	0	0	0	351	351	2	0	0	0	574	0	111399	0	0	2	15	0	0	0	0	0
0	0	0	0	0	0	351	351	5	0	0	0	575	0	111400	0	0	2	14	0	0	0	0	0
0	0	0	0	0	0	351	351	4	0	0	0	576	0	111766	0	0	2	11	0	0	0	0	0
0	0	0	0	0	0	351	351	6	0	0	0	577	0	112224	0	0	2	13	0	0	0	0	0
0	0	0	0	0	0	351	351	10	0	0	0	578	0	112427	0	0	2	11	0	0	0	0	0
0	0	0	0	0	0	382	382	2	0	0	0	579	0	111592	0	0	2	0	0	0	0	0	0
0	0	0	0	0	0	2028	2028	2	0	0	0	580	0	112264	0	0	2	0	0	0	0	0	0
